MEMORY
  total           15097 KB
  struct            159 KB
  buffer            602 KB
  arena           14336 KB, used 0.0%

SIZES
  narena                14680064
  nbuffer               616800
  nplugin               0
  maxuse_stack          3624
  maxuse_arena          3624
  maxuse_con            0
  maxuse_efc            0
  ncon                  0
  ne                    0
  nf                    0
  nl                    0
  nefc                  0
  nJ                    0
  nA                    0
  nisland               0
  nidof                 0
  ntree_awake           1
  nbody_awake           22
  nparent_awake         21
  nv_awake              25
  flg_energypos         0
  flg_energyvel         0
  flg_subtreevel        0
  flg_rnepost           0
  threadpool            0

ENERGY =   0         0       

TIME =  0       

QPOS
   0       
   0       
   1.1     
   1       
   0       
   0       
   0       
   0       
   0       
  -0.28    
   0.79    
  -0.52    
   0       
   0       
  -0.28    
   0.79    
  -0.52    
   0       
   0.28    
   0       
   0       
   0.52    
   0.28    
   0       
   0       
   0.52    

QVEL
   0       
   0       
   0       
   0       
   0       
   0       
   0       
   0       
   0       
   0       
   0       
   0       
   0       
   0       
   0       
   0       
   0       
   0       
   0       
   0       
   0       
   0       
   0       
   0       
   0       

QACC_WARMSTART
   0       
   0       
   0       
   0       
   0       
   0       
   0       
   0       
   0       
   0       
   0       
   0       
   0       
   0       
   0       
   0       
   0       
   0       
   0       
   0       
   0       
   0       
   0       
   0       
   0       

CTRL
   0       
   0       
   0       
   0       
   0       
   0       
   0       
   0       
   0       
   0       
   0       
   0       
   0       
   0       
   0       
   0       
   0       
   0       
   0       

QFRC_APPLIED
   0       
   0       
   0       
   0       
   0       
   0       
   0       
   0       
   0       
   0       
   0       
   0       
   0       
   0       
   0       
   0       
   0       
   0       
   0       
   0       
   0       
   0       
   0       
   0       
   0       

XFRC_APPLIED
   0         0         0         0         0         0       
   0         0         0         0         0         0       
   0         0         0         0         0         0       
   0         0         0         0         0         0       
   0         0         0         0         0         0       
   0         0         0         0         0         0       
   0         0         0         0         0         0       
   0         0         0         0         0         0       
   0         0         0         0         0         0       
   0         0         0         0         0         0       
   0         0         0         0         0         0       
   0         0         0         0         0         0       
   0         0         0         0         0         0       
   0         0         0         0         0         0       
   0         0         0         0         0         0       
   0         0         0         0         0         0       
   0         0         0         0         0         0       
   0         0         0         0         0         0       
   0         0         0         0         0         0       
   0         0         0         0         0         0       
   0         0         0         0         0         0       
   0         0         0         0         0         0       

EQ_ACTIVE             0

MOCAP_POS
   0         0         1.1     

MOCAP_QUAT
   1         0         0         0       

QACC
   1.2e-16 
  -1e-17   
  -9.8     
   7.8e-16 
  -5.6e-16 
  -2.8e-16 
   2e-15   
  -2.7e-15 
   2.7e-15 
  -4.4e-15 
   4.4e-16 
  -2.9e-15 
   3.6e-15 
   1.8e-15 
  -4.4e-15 
   4.4e-16 
   3.5e-17 
   0       
  -2.6e-15 
   9.7e-16 
   0       
   0       
  -1.1e-16 
   1.7e-16 
   0       

TREE_ASLEEP
  -11

XPOS
   0         0         0       
   0         0         1.1     
   0         0.087     0.88    
   0.039     0.087     0.88    
   0.039     0.2       0.88    
   0.15      0.2       0.49    
  -0.045     0.2       0.14    
   0        -0.087     0.88    
   0.039    -0.087     0.88    
   0.039    -0.2       0.88    
   0.15     -0.2       0.49    
  -0.045    -0.2       0.14    
   0         0         1.1     
   0.0055    0.16      1.5     
  -0.0043    0.21      1.5     
  -0.038     0.21      1.4     
  -0.07      0.21      1.2     
   0.0055   -0.16      1.5     
  -0.0043   -0.21      1.5     
  -0.038    -0.21      1.4     
  -0.07     -0.21      1.2     
   0         0         1.1     

XQUAT
   1         0         0         0       
   1         0         0         0       
   1         0         0         0       
   1         0         0         0       
   0.99      0        -0.14      0       
   0.97      0         0.25      0       
   1         0        -0.005     0       
   1         0         0         0       
   1         0         0         0       
   0.99      0        -0.14      0       
   0.97      0         0.25      0       
   1         0        -0.005     0       
   1         0         0         0       
   0.97      0.21      0.14      0.03    
   0.99      0         0.13      0.059   
   0.99      0         0.13      0.059   
   0.92     -0.015     0.38      0.057   
   0.97     -0.21      0.14     -0.03    
   0.99      0         0.13     -0.059   
   0.99      0         0.13     -0.059   
   0.92      0.015     0.38     -0.057   
   1         0         0         0       

XMAT
   1         0         0         0         1         0         0         0         1       
   1         0         0         0         1         0         0         0         1       
   1         0         0         0         1         0         0         0         1       
   1         0         0         0         1         0         0         0         1       
   0.96     -0        -0.28      0         1        -0         0.28      0         0.96    
   0.87      0         0.49      0         1         0        -0.49      0         0.87    
   1        -0        -0.01      0         1        -0         0.01      0         1       
   1         0         0         0         1         0         0         0         1       
   1         0         0         0         1         0         0         0         1       
   0.96     -0        -0.28      0         1        -0         0.28      0         0.96    
   0.87      0         0.49      0         1         0        -0.49      0         0.87    
   1        -0        -0.01      0         1        -0         0.01      0         1       
   1         0         0         0         1         0         0         0         1       
   0.96      0         0.28      0.12      0.91     -0.41     -0.25      0.42      0.87    
   0.96     -0.12      0.25      0.12      0.99      0.015    -0.25      0.015     0.97    
   0.96     -0.12      0.25      0.12      0.99      0.015    -0.25      0.015     0.97    
   0.71     -0.12      0.69      0.094     0.99      0.071    -0.7       0.015     0.72    
   0.96      0         0.28     -0.12      0.91      0.41     -0.25     -0.42      0.87    
   0.96      0.12      0.25     -0.12      0.99     -0.015    -0.25     -0.015     0.97    
   0.96      0.12      0.25     -0.12      0.99     -0.015    -0.25     -0.015     0.97    
   0.71      0.12      0.69     -0.094     0.99     -0.071    -0.7      -0.015     0.72    
   1         0         0         0         1         0         0         0         1       

XIPOS
   0         0         0       
  -0.0002    4e-05     1       
  -0.049     0.088     0.88    
   0.034     0.084     0.88    
   0.069     0.18      0.8     
   0.081     0.2       0.37    
   0.022     0.2       0.098   
  -0.049    -0.088     0.88    
   0.034    -0.084     0.88    
   0.069    -0.18      0.8     
   0.081    -0.2       0.37    
   0.022    -0.2       0.098   
   0.00049   0.0028    1.3     
   0.006     0.21      1.5     
  -0.027     0.21      1.4     
  -0.066     0.21      1.2     
   0.032     0.22      1       
   0.006    -0.21      1.5     
  -0.027    -0.21      1.4     
  -0.066    -0.21      1.2     
   0.032    -0.22      1       
   0         0         1.1     

XIMAT
   1         0         0         0         1         0         0         0         1       
  -0.0045   -1         0.0024    8.9e-05  -0.0024   -1         1        -0.0045    9.9e-05 
   0.068    -0.79      0.61      1         0.08     -0.0062   -0.044     0.6       0.8     
   0.0041   -0.16      0.99     -0.042    -0.99     -0.16      1        -0.04     -0.011   
   0.89      0.33     -0.33     -0.38      0.92     -0.094     0.27      0.21      0.94    
  -0.19     -0.9       0.39      0.98     -0.21     -0.022     0.1       0.38      0.92    
  -0.014     0.14      0.99      0.99      0.12     -0.0023   -0.12      0.98     -0.14    
  -0.068    -0.79      0.61      1        -0.08      0.0062    0.044     0.6       0.8     
   0.0041    0.16      0.99      0.042    -0.99      0.16      1         0.04     -0.011   
   0.89     -0.33     -0.33      0.38      0.92      0.094     0.27     -0.21      0.94    
   0.19     -0.9       0.39      0.98      0.21      0.022    -0.1       0.38      0.92    
   0.014     0.14      0.99      0.99     -0.12      0.0023    0.12      0.98     -0.14    
   1         0.007    -0.0056   -0.007     1         0.0026    0.0057   -0.0026    1       
   0.97      0.25      0.049     0.073    -0.087    -0.99     -0.25      0.96     -0.1     
  -0.071    -0.93      0.36      0.99     -0.03      0.12     -0.1       0.36      0.93    
  -0.12     -0.98      0.14      0.99     -0.12     -0.019     0.036     0.14      0.99    
   0.68      0.28      0.67      0.3      -0.95      0.097     0.66      0.14     -0.73    
   0.97      0.25     -0.049    -0.073     0.087    -0.99     -0.25      0.96      0.1     
   0.071    -0.93      0.36      0.99      0.03     -0.12      0.1       0.36      0.93    
   0.12     -0.98      0.14      0.99      0.12      0.019    -0.036     0.14      0.99    
   0.68     -0.28      0.67     -0.3      -0.95     -0.097     0.66     -0.14     -0.73    
   1         0         0         0         1         0         0         0         1       

XANCHOR
   0         0         1.1     
   0         0.087     0.88    
   0.039     0.087     0.88    
   0.039     0.2       0.88    
   0.15      0.2       0.49    
  -0.045     0.2       0.14    
   0        -0.087     0.88    
   0.039    -0.087     0.88    
   0.039    -0.2       0.88    
   0.15     -0.2       0.49    
  -0.045    -0.2       0.14    
   0         0         1.1     
   0.0055    0.16      1.5     
  -0.0043    0.21      1.5     
  -0.038     0.21      1.4     
  -0.07      0.21      1.2     
   0.0055   -0.16      1.5     
  -0.0043   -0.21      1.5     
  -0.038    -0.21      1.4     
  -0.07     -0.21      1.2     

XAXIS
   0         0         1       
   0         0         1       
   1         0         0       
   0         1         0       
   0         1         0       
   0         1         0       
   0         0         1       
   1         0         0       
   0         1         0       
   0         1         0       
   0         1         0       
   0         0         1       
   0         0.91      0.42    
   0.96      0.12     -0.25    
   0.25      0.015     0.97    
  -0.12      0.99      0.015   
   0         0.91     -0.42    
   0.96     -0.12     -0.25    
   0.25     -0.015     0.97    
   0.12      0.99     -0.015   

GEOM_XPOS
   0         0         0       
   1.5e-06   2.1e-06   1       
  -0.038     0.087     0.91    
  -0.067     0.087     0.88    
   0.019     0.078     0.88    
   0.039     0.067     0.88    
   0.087     0.18      0.75    
   0.092     0.2       0.69    
   0.11      0.2       0.7     
   0.039     0.13      0.88    
   0.079     0.2       0.35    
   0.07      0.2       0.31    
   0.094     0.2       0.39    
   0.027     0.2       0.096   
  -0.052     0.2       0.092   
   0.023     0.2       0.092   
   0.095     0.2       0.088   
  -0.038    -0.087     0.91    
  -0.067    -0.087     0.88    
   0.019    -0.078     0.88    
   0.039    -0.067     0.88    
   0.087    -0.18      0.75    
   0.092    -0.2       0.69    
   0.11     -0.2       0.7     
   0.039    -0.13      0.88    
   0.079    -0.2       0.35    
   0.07     -0.2       0.31    
   0.094    -0.2       0.39    
   0.027    -0.2       0.096   
  -0.052    -0.2       0.092   
   0.023    -0.2       0.092   
   0.095    -0.2       0.088   
   0.016     2.5e-06   1.4     
  -1.7e-05   0.0012    1.4     
   0.05      0         1.7     
   0.045     0         1.7     
   0         0         1.3     
   0         0         1       
  -0.0039    0.21      1.5     
  -0.013     0.21      1.4     
  -0.0023    0.18      1.5     
  -0.062     0.21      1.2     
  -0.044     0.21      1.3     
   0.04      0.22      1       
   0.024     0.22      1.1     
   0.12      0.24      0.96    
  -0.0039   -0.21      1.5     
  -0.013    -0.21      1.4     
  -0.0023   -0.18      1.5     
  -0.062    -0.21      1.2     
  -0.044    -0.21      1.3     
   0.04     -0.22      1       
   0.024    -0.22      1.1     
   0.12     -0.24      0.96    
   0         0         1.1     

GEOM_XMAT
   1         0         0         0         1         0         0         0         1       
   0.00021  -1         6.7e-06  -8.3e-06  -6.7e-06  -1         1         0.00021  -8.3e-06 
   0.79     -3.7e-05   0.61     -1.5e-05   1         8e-05    -0.61     -7.3e-05   0.79    
   4.7e-05   0         1         0         1         0        -1         0         4.7e-05 
   0.24     -0.00021   0.97      0.97      0.00029  -0.24     -0.00023   1         0.00027 
   1         0         0         0         0        -1         0         1         0       
   0.89      0.31     -0.33     -0.36      0.93     -0.095     0.28      0.2       0.94    
  -0.93      0         0.37      0         1         0        -0.37      0        -0.93    
   0.96     -3.4e-17   0.28      0        -1        -1.2e-16   0.28      1.2e-16  -0.96    
   0.96     -0.28      0         0         0        -1         0.28      0.96      0       
  -0.081    -0.89      0.44      1        -0.093    -0.0069    0.048     0.44      0.9     
   0.87      6e-17    -0.49      0        -1        -1.2e-16  -0.49      1.1e-16  -0.87    
   0.87      0         0.49      0         1         0        -0.49      0         0.87    
   0.12      6.8e-05   0.99      0.00072  -1        -1.5e-05   0.99      0.00072  -0.12    
  -0.21     -0        -0.98      0         1        -0         0.98      0        -0.21    
   0.11     -0        -0.99      0         1        -0         0.99      0         0.11    
   1        -0.01     -8.7e-19   8.7e-19   1.7e-16  -1         0.01      1         1.7e-16 
   0.79     -8.4e-05   0.61      0.00017   1        -7.9e-05  -0.61      0.00017   0.79    
   4.7e-05   0         1         0         1         0        -1         0         4.7e-05 
  -0.24     -0.00019   0.97      0.97     -0.00042   0.24      0.00036   1         0.00028 
   1         0         0         0         0        -1         0         1         0       
   0.89     -0.31     -0.33      0.36      0.93      0.095     0.28     -0.2       0.94    
  -0.93      0         0.37      0         1         0        -0.37      0        -0.93    
   0.96     -3.4e-17   0.28      0        -1        -1.2e-16   0.28      1.2e-16  -0.96    
   0.96     -0.28      0         0         0        -1         0.28      0.96      0       
   0.081    -0.89      0.44      1         0.093     0.0069   -0.048     0.44      0.9     
   0.87      6e-17    -0.49      0        -1        -1.2e-16  -0.49      1.1e-16  -0.87    
   0.87      0         0.49      0         1         0        -0.49      0         0.87    
   0.12      1.8e-06   0.99      1.7e-16  -1         1.9e-06   0.99     -2.1e-07  -0.12    
  -0.21     -0        -0.98      0         1        -0         0.98      0        -0.21    
   0.11     -0        -0.99      0         1        -0         0.99      0         0.11    
   1        -0.01     -8.7e-19   8.7e-19   1.7e-16  -1         0.01      1         1.7e-16 
   1        -0.00036   0.083     0.00036   1         1.5e-05  -0.083     1.5e-05   1       
  -0.0023   -0.084     1        -0.016    -1        -0.084     1        -0.016     0.00097 
   1         0         0         0         1         0         0         0         1       
   1         0         0         0         1         0         0         0         1       
   1         0         0         0         1         0         0         0         1       
   1         0         0         0         2.2e-16  -1         0         1         2.2e-16 
   0.95      0.25      0.16      0.19     -0.1      -0.98     -0.23      0.96     -0.14    
   0.75     -0.2       0.63      0.16      0.98      0.12     -0.64      0.014     0.77    
   0.96     -0.27     -0.027     0.12      0.31      0.94     -0.25     -0.91      0.33    
  -0.12     -0.98      0.13      0.99     -0.12     -0.0096    0.026     0.13      0.99    
   0.96     -0.12      0.25      0.12      0.99      0.015    -0.25      0.015     0.97    
   0.73      0.095     0.68      0.044    -0.99      0.092     0.68     -0.037    -0.73    
   0.73     -0.12     -0.67      0.076     0.99     -0.09      0.68      0.015     0.74    
   0.71     -0.12      0.69      0.094     0.99      0.071    -0.7       0.015     0.72    
   0.95      0.25     -0.16     -0.19      0.1      -0.98     -0.23      0.96      0.14    
   0.75      0.2       0.63     -0.16      0.98     -0.12     -0.64     -0.015     0.77    
   0.96      0.27     -0.027    -0.12      0.31     -0.94     -0.25      0.91      0.33    
   0.12     -0.98      0.13      0.99      0.12      0.0096   -0.026     0.13      0.99    
   0.96      0.12      0.25     -0.12      0.99     -0.015    -0.25     -0.015     0.97    
   0.73     -0.095     0.68     -0.044    -0.99     -0.092     0.68      0.038    -0.73    
   0.73      0.12     -0.67     -0.076     0.99      0.09      0.68     -0.015     0.74    
   0.71      0.12      0.69     -0.094     0.99     -0.071    -0.7      -0.015     0.72    
   1         0         0         0         1         0         0         0         1       

SITE_XPOS
  -0.045    -0.019     1.3     

SITE_XMAT
   1         0         0         0         1         0         0         0         1       

LIGHT_XPOS
   2         0         2.5     
   0         0         3.5     

LIGHT_XDIR
  -0.85      0.00087  -0.52    
   0         0        -1       

SUBTREE_COM
   0.014     0.00097   1       
   0.014     0.00097   1       
   0.037     0.14      0.74    
   0.06      0.16      0.7     
   0.069     0.19      0.63    
   0.069     0.2       0.32    
   0.022     0.2       0.098   
   0.037    -0.14      0.74    
   0.06     -0.16      0.7     
   0.069    -0.19      0.63    
   0.069    -0.2       0.32    
   0.022    -0.2       0.098   
  -0.0037    0.002     1.3     
  -0.015     0.21      1.3     
  -0.024     0.22      1.2     
  -0.022     0.22      1.1     
   0.032     0.22      1       
  -0.015    -0.21      1.3     
  -0.024    -0.22      1.2     
  -0.022    -0.22      1.1     
   0.032    -0.22      1       
   0         0         1.1     

CDOF
   0         0         0         1         0         0       
   0         0         0         0         1         0       
   0         0         0         0         0         1       
   1         0         0        -0         0.033     0.00097 
   0         1         0        -0.033     0        -0.014   
   0         0         1        -0.00097   0.014     0       
   0         0         1         0.087     0.014    -0       
   1         0         0         0        -0.14     -0.087   
   0         1         0         0.14     -0         0.026   
   0         1         0         0.53     -0         0.14    
   0         1         0         0.87      0        -0.059   
   0         0         1        -0.088     0.014     0       
   1         0         0         0        -0.14      0.088   
   0         1         0         0.14     -0         0.026   
   0         1         0         0.53     -0         0.14    
   0         1         0         0.87      0        -0.059   
   0         0         1        -0.00097   0.014     0       
   0         0.91      0.42     -0.35      0.0035   -0.0076  
   0.96      0.12     -0.25     -0.11      0.45     -0.21    
   0.25      0.015     0.97      0.2       0.14     -0.053   
  -0.12      0.99      0.015    -0.14     -0.016    -0.059   
   0         0.91     -0.42     -0.35     -0.0035   -0.0076  
   0.96     -0.12     -0.25      0.11      0.45      0.21    
   0.25     -0.015     0.97     -0.2       0.14      0.054   
   0.12      0.99     -0.015    -0.14      0.016    -0.058   

CINERT
   0         0         0         0         0         0         0         0         0         0       
   0.045     0.01      0.05      1.6e-05  -0.00095  -5.7e-05  -0.076    -0.005    -0.066     5.4     
   0.06      0.052     0.028     0.012    -0.019     0.026    -0.14      0.19     -0.3       2.2     
   0.062     0.048     0.019    -0.0037    0.0062    0.026     0.044     0.19     -0.32      2.2     
   0.4       0.29      0.16     -0.044     0.074     0.17      0.23      0.74     -0.9       4.2     
   0.8       0.74      0.078    -0.023     0.071     0.22      0.12      0.34     -1.1       1.7     
   0.4       0.38      0.02     -0.00077   0.0038    0.083     0.0038    0.09     -0.41      0.45    
   0.06      0.052     0.029    -0.013    -0.019    -0.027    -0.14     -0.2      -0.3       2.2     
   0.063     0.048     0.02      0.0037    0.0062   -0.027     0.044    -0.19     -0.32      2.2     
   0.41      0.29      0.16      0.044     0.074    -0.17      0.23     -0.75     -0.9       4.2     
   0.8       0.74      0.079     0.023     0.071    -0.22      0.12     -0.34     -1.1       1.7     
   0.4       0.38      0.021     0.00077   0.0038   -0.084     0.0038   -0.091    -0.41      0.45    
   1.5       1.4       0.13     -0.0001    0.059    -0.0085   -0.24      0.032     4.2       18      
   0.28      0.23      0.047     0.0017    0.0037   -0.1      -0.0081    0.22      0.49      1       
   0.15      0.12      0.038     0.0069    0.012    -0.064    -0.033     0.17      0.3       0.79    
   0.069     0.038     0.044     0.014     0.012    -0.032    -0.067     0.18      0.15      0.84    
   0.037     0.0066    0.036    -0.0031    0.0025   -0.0033    0.012     0.15      0.017     0.67    
   0.28      0.23      0.047    -0.0017    0.0037    0.1      -0.0081   -0.22      0.49      1       
   0.15      0.12      0.039    -0.0069    0.012     0.065    -0.033    -0.17      0.3       0.79    
   0.07      0.038     0.044    -0.014     0.012     0.033    -0.067    -0.18      0.15      0.84    
   0.038     0.0066    0.037     0.0031    0.0025    0.0034    0.012    -0.15      0.017     0.67    
   4.1e-05   4.1e-05   4.1e-05   0         0         0         0         0         0         0.11    

ACTUATOR_LENGTH
   0       
   0       
  -0.28    
   0.79    
  -0.52    
   0       
   0       
  -0.28    
   0.79    
  -0.52    
   0       
   0.28    
   0       
   0       
   0.52    
   0.28    
   0       
   0       
   0.52    

actuator_moment
---------------------------
       x                   |
        x                  |
         x                 |
          x                |
           x               |
            x              |
             x             |
              x            |
               x           |
                x          |
                 x         |
                  x        |
                   x       |
                    x      |
                     x     |
                      x    |
                       x   |
                        x  |
                         x |
---------------------------

ACTUATOR_MOMENT
     6:  1       
     7:  1       
     8:  1       
     9:  1       
    10:  1       
    11:  1       
    12:  1       
    13:  1       
    14:  1       
    15:  1       
    16:  1       
    17:  1       
    18:  1       
    19:  1       
    20:  1       
    21:  1       
    22:  1       
    23:  1       
    24:  1       

CRB
   0         0         0         0         0         0         0         0         0         0       
   6         5.2       1.1       0.00022   0.39     -0.013     3.3e-16   4.4e-16  -6.2e-15   51      
   1.7       1.5       0.3      -0.059     0.14      0.52      0.25      1.5      -3         11      
   1.7       1.5       0.28     -0.071     0.16      0.5       0.39      1.4      -2.7       8.6     
   1.6       1.4       0.26     -0.067     0.15      0.47      0.35      1.2      -2.4       6.3     
   1.2       1.1       0.098    -0.024     0.075     0.3       0.12      0.43     -1.5       2.2     
   0.4       0.38      0.02     -0.00077   0.0038    0.083     0.0038    0.09     -0.41      0.45    
   1.7       1.5       0.31      0.059     0.14     -0.53      0.25     -1.6      -3         11      
   1.7       1.5       0.28      0.072     0.16     -0.5       0.39     -1.4      -2.7       8.6     
   1.6       1.4       0.26      0.068     0.15     -0.47      0.35     -1.2      -2.4       6.3     
   1.2       1.1       0.1       0.024     0.075    -0.3       0.12     -0.43     -1.5       2.2     
   0.4       0.38      0.021     0.00077   0.0038   -0.084     0.0038   -0.091    -0.41      0.45    
   2.6       2.2       0.46     -0.00029   0.12     -0.0066   -0.43      0.026     6.2       24      
   0.54      0.39      0.16      0.02      0.03     -0.2      -0.096     0.71      0.96      3.3     
   0.26      0.16      0.12      0.018     0.027    -0.1      -0.087     0.49      0.47      2.3     
   0.11      0.044     0.08      0.011     0.014    -0.036    -0.055     0.33      0.17      1.5     
   0.037     0.0066    0.036    -0.0031    0.0025   -0.0033    0.012     0.15      0.017     0.67    
   0.54      0.39      0.17     -0.02      0.03      0.2      -0.096    -0.72      0.96      3.3     
   0.26      0.16      0.12     -0.018     0.027     0.1      -0.087    -0.5       0.47      2.3     
   0.11      0.044     0.081    -0.011     0.014     0.036    -0.055    -0.33      0.17      1.5     
   0.038     0.0066    0.037     0.0031    0.0025    0.0034    0.012    -0.15      0.017     0.67    
   4.1e-05   4.1e-05   4.1e-05   0         0         0         0         0         0         0.11    

QM
   51      
   0         51      
   0         0         51      
   0         1.7       0.05      6.1     
  -1.7       0        -0.71     -0.00047   5.3     
  -0.05      0.71      0         0.41     -0.011     1.1     
  -0.62      0.4       0         0.19      0.28      0.18      0.23    
   0         1.5       0.62      1.2      -0.045     0.12      0.12      0.98    
  -1.5       0        -0.19     -0.037     1.1       0.31      0.17     -0.021     0.94    
  -0.38      0         0.18      0.035     0.31      0.077     0.043     0.02      0.25      0.22    
  -0.02      0        -0.03     -0.0061    0.022     0.004     0.0023   -0.0035    0.017     0.0061    0.11    
   0.62      0.4       0         0.19     -0.28      0.18                                                        0.23    
   0         1.5      -0.62      1.2       0.045     0.12                                                        0.12      0.98    
  -1.5       0        -0.19      0.037     1.1      -0.31                                                       -0.17      0.021     0.94    
  -0.38      0         0.18     -0.035     0.31     -0.077                                                      -0.043    -0.02      0.25      0.22    
  -0.02      0        -0.03      0.0061    0.022    -0.004                                                      -0.0023    0.0035    0.017     0.0061    0.11    
  -0.05     -0.09      0         0.031    -0.011     0.46                                                                                                          0.56    
  -0.61     -0.029     0.061     0.021    -0.051     0.14                                                                                                          0.14      0.31    
  -0.07      0.6       0.012    -0.05     -0.0058    0.0069                                                                                                        0.0069    0.019     0.31    
  -0.015     0.11      0.0022    0.0036    6.3e-05   0.0099                                                                                                        0.0099    0.0089    0.049     0.12    
  -0.081    -0.0085   -0.069    -0.016     0.0088    0.018                                                                                                         0.018     0.042    -1.6e-05   1.3e-05   0.12    
  -0.61      0.029     0.061    -0.021    -0.051    -0.14                                                                                                         -0.14                                              0.31    
   0.07      0.6      -0.012    -0.05      0.0058    0.0069                                                                                                        0.0069                                           -0.019     0.31    
   0.015     0.11     -0.0022    0.0036   -6.3e-05   0.0099                                                                                                        0.0099                                           -0.0089    0.049     0.12    
  -0.081     0.0085   -0.069     0.016     0.0088   -0.018                                                                                                        -0.018                                             0.042     1.6e-05  -1.3e-05   0.12    

M
     0:  51      
     0:  0          1:  51      
     0:  0          1:  0          2:  51      
     0:  0          1:  1.7        2:  0.05       3:  6.1     
     0: -1.7        1:  0          2: -0.71       3: -0.00047    4:  5.3     
     0: -0.05       1:  0.71       2:  0          3:  0.41       4: -0.011      5:  1.1     
     0: -0.62       1:  0.4        2:  0          3:  0.19       4:  0.28       5:  0.18       6:  0.23    
     0:  0          1:  1.5        2:  0.62       3:  1.2        4: -0.045      5:  0.12       6:  0.12       7:  0.98    
     0: -1.5        1:  0          2: -0.19       3: -0.037      4:  1.1        5:  0.31       6:  0.17       7: -0.021      8:  0.94    
     0: -0.38       1:  0          2:  0.18       3:  0.035      4:  0.31       5:  0.077      6:  0.043      7:  0.02       8:  0.25       9:  0.22    
     0: -0.02       1:  0          2: -0.03       3: -0.0061     4:  0.022      5:  0.004      6:  0.0023     7: -0.0035     8:  0.017      9:  0.0061    10:  0.11    
     0:  0.62       1:  0.4        2:  0          3:  0.19       4: -0.28       5:  0.18      11:  0.23    
     0:  0          1:  1.5        2: -0.62       3:  1.2        4:  0.045      5:  0.12      11:  0.12      12:  0.98    
     0: -1.5        1:  0          2: -0.19       3:  0.037      4:  1.1        5: -0.31      11: -0.17      12:  0.021     13:  0.94    
     0: -0.38       1:  0          2:  0.18       3: -0.035      4:  0.31       5: -0.077     11: -0.043     12: -0.02      13:  0.25      14:  0.22    
     0: -0.02       1:  0          2: -0.03       3:  0.0061     4:  0.022      5: -0.004     11: -0.0023    12:  0.0035    13:  0.017     14:  0.0061    15:  0.11    
     0: -0.05       1: -0.09       2:  0          3:  0.031      4: -0.011      5:  0.46      16:  0.56    
     0: -0.61       1: -0.029      2:  0.061      3:  0.021      4: -0.051      5:  0.14      16:  0.14      17:  0.31    
     0: -0.07       1:  0.6        2:  0.012      3: -0.05       4: -0.0058     5:  0.0069    16:  0.0069    17:  0.019     18:  0.31    
     0: -0.015      1:  0.11       2:  0.0022     3:  0.0036     4:  6.3e-05    5:  0.0099    16:  0.0099    17:  0.0089    18:  0.049     19:  0.12    
     0: -0.081      1: -0.0085     2: -0.069      3: -0.016      4:  0.0088     5:  0.018     16:  0.018     17:  0.042     18: -1.6e-05   19:  1.3e-05   20:  0.12    
     0: -0.61       1:  0.029      2:  0.061      3: -0.021      4: -0.051      5: -0.14      16: -0.14      21:  0.31    
     0:  0.07       1:  0.6        2: -0.012      3: -0.05       4:  0.0058     5:  0.0069    16:  0.0069    21: -0.019     22:  0.31    
     0:  0.015      1:  0.11       2: -0.0022     3:  0.0036     4: -6.3e-05    5:  0.0099    16:  0.0099    21: -0.0089    22:  0.049     23:  0.12    
     0: -0.081      1:  0.0085     2: -0.069      3:  0.016      4:  0.0088     5: -0.018     16: -0.018     21:  0.042     22:  1.6e-05   23: -1.3e-05   24:  0.12    

QLD
     0:  41      
     0: -1.2e-05    1:  42      
     0: -0.0075     1:  0.00064    2:  50      
     0:  0.00079    1: -0.64       2:  0.016      3:  3.1     
     0:  0.79       1: -0.00025    2: -0.08       3:  2.5e-05    4:  2.6     
     0: -0.03       1:  0.35       2: -7e-17      3:  0.11       4: -0.0064     5:  0.4     
     0: -1.8        1:  1.2        2: -0.2        3:  0.26       4:  0.44       5:  0.6        6:  0.18    
     0: -0.04       1:  1.6        2:  0.59       3:  1.2        4: -0.023      5:  0.13       6:  0.13       7:  0.98    
     0: -1.7        1:  0          2: -0.59       3: -0.12       4:  1.2        5:  0.34       6:  0.19       7: -0.065      8:  0.65    
     0: -1.7        1:  0          2:  0.79       3:  0.16       4:  1.4        5:  0.34       6:  0.19       7:  0.089      8:  1.1        9:  0.22    
     0: -0.19       1:  0          2: -0.29       3: -0.058      4:  0.21       5:  0.038      6:  0.022      7: -0.033      8:  0.16       9:  0.058     10:  0.11    
     0:  1.8        1:  1.2        2:  0.2        3:  0.26       4: -0.44       5:  0.6       11:  0.18    
     0:  0.04       1:  1.6        2: -0.59       3:  1.2        4:  0.023      5:  0.13      11:  0.13      12:  0.98    
     0: -1.7        1:  0          2: -0.59       3:  0.12       4:  1.2        5: -0.34      11: -0.19      12:  0.065     13:  0.65    
     0: -1.7        1:  0          2:  0.79       3: -0.16       4:  1.4        5: -0.34      11: -0.19      12: -0.089     13:  1.1       14:  0.22    
     0: -0.19       1:  0          2: -0.29       3:  0.058      4:  0.21       5: -0.038     11: -0.022     12:  0.033     13:  0.16      14:  0.058     15:  0.11    
     0: -0.12       1: -0.14       2: -1.6e-17    3:  0.024      4: -0.025      5:  0.77      16:  0.43    
     0: -2          1: -0.22       2:  0.28       3:  0.098      4: -0.18       5:  0.44      16:  0.44      17:  0.3     
     0: -0.22       1:  1.9        2:  0.039      3: -0.18       4: -0.02       5:  0.01      16:  0.01      17:  0.053     18:  0.29    
     0: -0.13       1:  0.92       2:  0.018      3:  0.03       4:  0.00052    5:  0.083     16:  0.083     17:  0.074     18:  0.4       19:  0.12    
     0: -0.66       1: -0.069      2: -0.56       3: -0.13       4:  0.072      5:  0.15      16:  0.15      17:  0.34      18: -0.00013   19:  0.00011   20:  0.12    
     0: -2          1:  0.22       2:  0.28       3: -0.098      4: -0.18       5: -0.44      16: -0.44      21:  0.3     
     0:  0.22       1:  1.9        2: -0.039      3: -0.18       4:  0.02       5:  0.01      16:  0.01      21: -0.053     22:  0.29    
     0:  0.13       1:  0.92       2: -0.018      3:  0.03       4: -0.00052    5:  0.083     16:  0.083     21: -0.074     22:  0.4       23:  0.12    
     0: -0.66       1:  0.069      2: -0.56       3:  0.13       4:  0.072      5: -0.15      16: -0.15      21:  0.34      22:  0.00013   23: -0.00011   24:  0.12    

QLDIAGINV
   0.024   
   0.024   
   0.02    
   0.32    
   0.39    
   2.5     
   5.6     
   1       
   1.5     
   4.5     
   9.5     
   5.6     
   1       
   1.5     
   4.5     
   9.5     
   2.3     
   3.4     
   3.5     
   8.3     
   8.1     
   3.4     
   3.5     
   8.3     
   8.1     

TREE_AWAKE
  1

BODY_AWAKE
  -1 1 1 1 1 1 1 1 1 1 1 1 1 1 1 1 1 1 1 1 1 1

BODY_AWAKE_IND
  0 1 2 3 4 5 6 7 8 9 10 11 12 13 14 15 16 17 18 19 20 21

PARENT_AWAKE_IND
  1 2 3 4 5 6 7 8 9 10 11 12 13 14 15 16 17 18 19 20 21

DOF_AWAKE_IND
  0 1 2 3 4 5 6 7 8 9 10 11 12 13 14 15 16 17 18 19 20 21 22 23 24

ACTUATOR_VELOCITY
   0       
   0       
   0       
   0       
   0       
   0       
   0       
   0       
   0       
   0       
   0       
   0       
   0       
   0       
   0       
   0       
   0       
   0       
   0       

CVEL
   0         0         0         0         0         0       
   0         0         0         0         0         0       
   0         0         0         0         0         0       
   0         0         0         0         0         0       
   0         0         0         0         0         0       
   0         0         0         0         0         0       
   0         0         0         0         0         0       
   0         0         0         0         0         0       
   0         0         0         0         0         0       
   0         0         0         0         0         0       
   0         0         0         0         0         0       
   0         0         0         0         0         0       
   0         0         0         0         0         0       
   0         0         0         0         0         0       
   0         0         0         0         0         0       
   0         0         0         0         0         0       
   0         0         0         0         0         0       
   0         0         0         0         0         0       
   0         0         0         0         0         0       
   0         0         0         0         0         0       
   0         0         0         0         0         0       
   0         0         0         0         0         0       

CDOF_DOT
   0         0         0         0         0         0       
   0         0         0         0         0         0       
   0         0         0         0         0         0       
   0         0         0         0         0         0       
   0         0         0         0         0         0       
   0         0         0         0         0         0       
   0         0         0         0         0         0       
   0         0         0         0         0         0       
   0         0         0         0         0         0       
   0         0         0         0         0         0       
   0         0         0         0         0         0       
   0         0         0         0         0         0       
   0         0         0         0         0         0       
   0         0         0         0         0         0       
   0         0         0         0         0         0       
   0         0         0         0         0         0       
   0         0         0         0         0         0       
   0         0         0         0         0         0       
  -0         0         0        -0         0         0       
   0         0         0         0         0         0       
   0        -0         0         0         0         0       
  -0         0         0         0         0         0       
   0         0        -0         0         0         0       
   0         0        -0         0         0         0       
  -0         0         0        -0         0         0       

QFRC_BIAS
   0       
   0       
   5e+02   
   0.49    
  -7       
   0       
   0       
   6       
  -1.8     
   1.7     
  -0.3     
   0       
  -6       
  -1.8     
   1.7     
  -0.3     
   0       
   0.6     
   0.12    
   0.022   
  -0.67    
   0.6     
  -0.12    
  -0.022   
  -0.67    

QFRC_SPRING
   0       
   0       
   0       
   0       
   0       
   0       
   0       
   0       
   0       
   0       
   0       
   0       
   0       
   0       
   0       
   0       
   0       
   0       
   0       
   0       
   0       
   0       
   0       
   0       
   0       

QFRC_DAMPER
   0       
   0       
   0       
   0       
   0       
   0       
  -0       
  -0       
  -0       
  -0       
  -0       
  -0       
  -0       
  -0       
  -0       
  -0       
  -0       
  -0       
  -0       
  -0       
  -0       
  -0       
  -0       
  -0       
  -0       

QFRC_GRAVCOMP
   0       
   0       
   0       
   0       
   0       
   0       
   0       
   0       
   0       
   0       
   0       
   0       
   0       
   0       
   0       
   0       
   0       
   0       
   0       
   0       
   0       
   0       
   0       
   0       
   0       

QFRC_FLUID
   0       
   0       
   0       
   0       
   0       
   0       
   0       
   0       
   0       
   0       
   0       
   0       
   0       
   0       
   0       
   0       
   0       
   0       
   0       
   0       
   0       
   0       
   0       
   0       
   0       

QFRC_PASSIVE
   0       
   0       
   0       
   0       
   0       
   0       
   0       
   0       
   0       
   0       
   0       
   0       
   0       
   0       
   0       
   0       
   0       
   0       
   0       
   0       
   0       
   0       
   0       
   0       
   0       

SUBTREE_LINVEL
   0         0         0       
   0         0         0       
   0         0         0       
   0         0         0       
   0         0         0       
   0         0         0       
   0         0         0       
   0         0         0       
   0         0         0       
   0         0         0       
   0         0         0       
   0         0         0       
   0         0         0       
   0         0         0       
   0         0         0       
   0         0         0       
   0         0         0       
   0         0         0       
   0         0         0       
   0         0         0       
   0         0         0       
   0         0         0       

SUBTREE_ANGMOM
   0         0         0       
   0         0         0       
   0         0         0       
   0         0         0       
   0         0         0       
   0         0         0       
   0         0         0       
   0         0         0       
   0         0         0       
   0         0         0       
   0         0         0       
   0         0         0       
   0         0         0       
   0         0         0       
   0         0         0       
   0         0         0       
   0         0         0       
   0         0         0       
   0         0         0       
   0         0         0       
   0         0         0       
   0         0         0       

ACTUATOR_FORCE
   0       
   0       
   0       
   0       
   0       
   0       
   0       
   0       
   0       
   0       
   0       
   0       
   0       
   0       
   0       
   0       
   0       
   0       
   0       

QFRC_ACTUATOR
   0       
   0       
   0       
   0       
   0       
   0       
   0       
   0       
   0       
   0       
   0       
   0       
   0       
   0       
   0       
   0       
   0       
   0       
   0       
   0       
   0       
   0       
   0       
   0       
   0       

QFRC_SMOOTH
   0       
   0       
  -5e+02   
  -0.49    
   7       
   0       
   0       
  -6       
   1.8     
  -1.7     
   0.3     
   0       
   6       
   1.8     
  -1.7     
   0.3     
   0       
  -0.6     
  -0.12    
  -0.022   
   0.67    
  -0.6     
   0.12    
   0.022   
   0.67    

QACC_SMOOTH
   1.2e-16 
  -1e-17   
  -9.8     
   7.8e-16 
  -5.6e-16 
  -2.8e-16 
   2e-15   
  -2.7e-15 
   2.7e-15 
  -4.4e-15 
   4.4e-16 
  -2.9e-15 
   3.6e-15 
   1.8e-15 
  -4.4e-15 
   4.4e-16 
   3.5e-17 
   0       
  -2.6e-15 
   9.7e-16 
   0       
   0       
  -1.1e-16 
   1.7e-16 
   0       

QFRC_CONSTRAINT
   0       
   0       
   0       
   0       
   0       
   0       
   0       
   0       
   0       
   0       
   0       
   0       
   0       
   0       
   0       
   0       
   0       
   0       
   0       
   0       
   0       
   0       
   0       
   0       
   0       

QFRC_INVERSE
   0       
   0       
   0       
   0       
   0       
   0       
   0       
   0       
   0       
   0       
   0       
   0       
   0       
   0       
   0       
   0       
   0       
   0       
   0       
   0       
   0       
   0       
   0       
   0       
   0       

CACC
   0         0         0         0         0         0       
   0         0         0         0         0         0       
   0         0         0         0         0         0       
   0         0         0         0         0         0       
   0         0         0         0         0         0       
   0         0         0         0         0         0       
   0         0         0         0         0         0       
   0         0         0         0         0         0       
   0         0         0         0         0         0       
   0         0         0         0         0         0       
   0         0         0         0         0         0       
   0         0         0         0         0         0       
   0         0         0         0         0         0       
   0         0         0         0         0         0       
   0         0         0         0         0         0       
   0         0         0         0         0         0       
   0         0         0         0         0         0       
   0         0         0         0         0         0       
   0         0         0         0         0         0       
   0         0         0         0         0         0       
   0         0         0         0         0         0       
   0         0         0         0         0         0       

CFRC_INT
   0         0         0         0         0         0       
   0         0         0         0         0         0       
   0         0         0         0         0         0       
   0         0         0         0         0         0       
   0         0         0         0         0         0       
   0         0         0         0         0         0       
   0         0         0         0         0         0       
   0         0         0         0         0         0       
   0         0         0         0         0         0       
   0         0         0         0         0         0       
   0         0         0         0         0         0       
   0         0         0         0         0         0       
   0         0         0         0         0         0       
   0         0         0         0         0         0       
   0         0         0         0         0         0       
   0         0         0         0         0         0       
   0         0         0         0         0         0       
   0         0         0         0         0         0       
   0         0         0         0         0         0       
   0         0         0         0         0         0       
   0         0         0         0         0         0       
   0         0         0         0         0         0       

CFRC_EXT
   0         0         0         0         0         0       
   0         0         0         0         0         0       
   0         0         0         0         0         0       
   0         0         0         0         0         0       
   0         0         0         0         0         0       
   0         0         0         0         0         0       
   0         0         0         0         0         0       
   0         0         0         0         0         0       
   0         0         0         0         0         0       
   0         0         0         0         0         0       
   0         0         0         0         0         0       
   0         0         0         0         0         0       
   0         0         0         0         0         0       
   0         0         0         0         0         0       
   0         0         0         0         0         0       
   0         0         0         0         0         0       
   0         0         0         0         0         0       
   0         0         0         0         0         0       
   0         0         0         0         0         0       
   0         0         0         0         0         0       
   0         0         0         0         0         0       
   0         0         0         0         0         0       

